118
120
116
104
118
102
100
114
112
102
106
114
110
100
110
114
110
106
102
120
100
100
106
104
106
104
102
112
102
110
114
104
112
120
110
104
114
100
100
100
100
112
106
120
112
114
114
110
118
114
120
110
112
100
106
112
116
114
102
102
118
100
104
100
110
110
102
114
100
112
114
100
100
100
110
100
114
106
110
104
118
104
104
114
104
106
118
100
114
112
112
116
102
104
116
118
110
104
116
114
106
106
100
116
102
102
104
110
116
112
112
118
112
118
102
120
116
118
104
112
104
120
114
114
104
110
104
110
112
116
102
118
116
102
120
110
106
112
104
110
118
106
104
106
104
120
102
102
118
106
106
116
116
112
110
120
118
100
114
112
112
120
104
100
104
106
100
102
106
116
104
102
114
114
106
104
100
106
120
102
112
100
106
118
120
112
120
120
118
116
110
120
106
102
104
114
110
112
112
104
118
100
100
118
116
106
110
118
116
116
114
104
106
102
104
100
100
112
104
110
118
112
120
112
110
116
104
100
104
100
102
110
106
106
104
102
118
112
102
100
120
112
100
104
106
106
110
102
102
100
106
114
106
100
106
100
116
112
120
112
104
112
102
112
112
110
106
106
112
102
110
100
114
106
102
120
112
102
100
104
100
104
102
116
104
102
106
104
102
100
104
112
110
100
104
120
104
116
112
102
106
118
100
104
102
114
102
100
120
102
102
104
114
104
106
106
102
114
104
110
120
104
104
120
110
104
114
114
102
106
104
110
110
102
100
102
102
102
104
100
100
110
102
100
106
118
106
102
100
104
116
100
102
102
106
112
110
102
114
114
106
114
100
104
104
102
116
100
100
104
106
102
110
104
104
106
104
102
120
102
114
112
100
100
110
116
116
106
102
118
102
110
106
110
104
112
100
102
100
100
106
120
106
110
104
112
110
112
110
110
110
112
106
106
106
102
102
100
116
104
114
116
104
116
118
120
120
102
100
100
102
106
112
104
102
104
100
120
100
102
110
102
116
106
118
110
110
100
116
110
110
120
102
110
120
110
106
118
114
112
110
106
102
102
104
102
106
112
100
102
118
112
104
100
120
112
116
118
100
102
112
106
112
120
102
110
118
100
106
100
112
116
112
104
118
