0.00085
0.000775
0.000775
0.000775
0.000825
0.00085
0.00095
0.00075
0.000825
0.00095
0.00085
0.0008
0.000925
0.000825
0.00075
0.000875
0.00075
0.000875
0.0009
0.000775
0.000775
0.000925
0.000775
0.00085
0.0009
0.0009
0.00095
0.000825
0.001
0.000875
0.00085
0.0009
0.000875
0.00075
0.000775
0.000925
0.00075
0.000875
0.000825
0.0008
0.000875
0.000775
0.00085
0.000825
0.00075
0.0009
0.000825
0.000875
0.000775
0.000775
0.000825
0.00075
0.00085
0.0008
0.00075
0.00075
0.000875
0.000825
0.00075
0.000975
0.0008
0.00095
0.000775
0.001
0.00075
0.000875
0.0008
0.00075
0.000875
0.00085
0.00075
0.000825
0.000875
0.00075
0.000875
0.000975
0.0008
0.000925
0.0008
0.00075
0.000775
0.000825
0.000775
0.00075
0.000975
0.000925
0.0008
0.000825
0.00075
0.00075
0.00075
0.000825
0.0008
0.00095
0.00075
0.000875
0.00075
0.000875
0.00085
0.000775
0.00075
0.00075
0.000775
0.0009
0.000875
0.000925
0.000875
0.00075
0.00085
0.000825
0.00085
0.00075
0.000825
0.000775
0.000825
0.0008
0.000775
0.000825
0.00085
0.00085
0.000775
0.00075
0.00075
0.000775
0.000925
0.00085
0.000775
0.0009
0.00075
0.0008
0.00095
0.00075
0.000825
0.000825
0.00075
0.000825
0.000825
0.000775
0.00085
0.0008
0.00075
0.000775
0.00095
0.00095
0.000875
0.00095
0.000775
0.000975
0.00075
0.00095
0.000875
0.00075
0.00075
0.000825
0.000875
0.000775
0.00075
0.000875
0.000825
0.00075
0.00075
0.000775
0.00085
0.001
0.000875
0.000875
0.0008
0.0009
0.0008
0.00075
0.000775
0.0009
0.000925
0.000775
0.000775
0.00095
0.000825
0.000825
0.000825
0.000775
0.000775
0.000925
0.000925
0.0008
0.00075
0.0008
0.00075
0.00085
0.0009
0.0008
0.0008
0.000775
0.000825
0.000975
0.001
0.000775
0.000775
0.00085
0.000875
0.00075
0.00075
0.00085
0.0009
0.000775
0.00075
0.000825
0.0009
0.000775
0.000775
0.0008
0.00095
0.00085
0.000825
0.000775
0.000925
0.000925
0.00085
0.000775
0.0008
0.00075
0.00075
0.0008
0.000775
0.000875
0.0008
0.000775
0.000775
0.000925
0.00075
0.00075
0.000825
0.000825
0.00075
0.0008
0.0008
0.000825
0.000775
0.000775
0.000825
0.000975
0.0008
0.0008
0.00085
0.000825
0.00075
0.0008
0.000775
0.000875
0.0008
0.00085
0.00075
0.0008
0.000775
0.0009
0.000875
0.00095
0.0008
0.000825
0.0008
0.0008
0.000925
0.000975
0.00085
0.0008
0.000875
0.000775
0.00085
0.000775
0.0008
0.00075
0.000775
0.0008
0.000775
0.000775
0.00095
0.000775
0.000875
0.0009
0.000825
0.0009
0.000925
0.0009
0.00095
0.000825
0.000875
0.000875
0.0008
0.000925
0.00075
0.0009
0.0008
0.000775
0.000775
0.000775
0.00085
0.00075
0.000875
0.00075
0.000825
0.00075
0.0009
0.00085
0.0009
0.000975
0.000775
0.000875
0.000925
0.000825
0.0008
0.000775
0.000825
0.00075
0.000775
0.0009
0.0008
0.000825
0.000875
0.000825
0.00075
0.0009
0.00075
0.00085
0.000825
0.00075
0.00085
0.0008
0.000775
0.000825
0.00085
0.0009
0.0008
0.0008
0.000825
0.00085
0.00075
0.0008
0.0008
0.000875
0.0008
0.000775
0.001
0.000825
0.000875
0.000875
0.00085
0.000775
0.00085
0.000775
0.000825
0.0008
0.000775
0.000875
0.0008
0.00085
0.000775
0.0008
0.000825
0.000775
0.0008
0.00085
0.000775
0.00085
0.00075
0.000775
0.001
0.00085
0.000775
0.0008
0.00085
0.0008
0.0008
0.000925
0.000875
0.000875
0.000875
0.000825
0.000825
0.001
0.0009
0.000825
0.0008
0.000825
0.000925
0.000925
0.0009
0.0008
0.000825
0.000925
0.00085
0.00085
0.0008
0.00085
0.00085
0.000925
0.000975
0.000775
0.0009
0.000875
0.0009
0.000775
0.0009
0.0008
0.0008
0.0008
0.000825
0.00075
0.00075
0.000875
0.00095
0.0008
0.00095
0.000775
0.0008
0.00085
0.000875
0.000825
0.0009
0.00085
0.0009
0.00085
0.00085
0.00085
0.000825
0.000875
0.0009
0.000825
0.000825
0.000925
0.00085
0.00085
0.000925
0.000925
0.0009
0.000825
0.000925
0.000825
0.0008
0.0008
0.0009
0.0009
0.00085
0.000875
0.0009
0.000875
0.0008
0.0009
0.00085
0.0009
0.000825
0.000825
0.00095
0.000775
0.0009
0.000775
0.000875
0.0009
0.000975
0.00075
0.00085
0.00085
0.000975
0.00085
0.0009
0.00075
0.0009
0.000925
0.000825
0.0009
0.000775
0.00075
0.0008
0.000875
0.001
0.001
0.00085
0.000925
0.0008
0.000825
0.00095
0.000925
0.0008
0.00075
0.0009
0.0009
0.00075
0.0008
0.000775
0.000875
0.0009
0.00095
0.00085
0.000775
0.000975
0.00095
0.00085
