105
105
105
120
110
110
105
115
115
105
115
120
100
105
110
125
100
120
110
115
120
100
105
110
105
120
100
100
115
110
105
115
110
105
100
120
105
110
120
100
105
105
100
115
105
110
110
105
125
120
115
125
115
100
115
110
115
125
100
115
100
120
100
115
100
110
115
110
110
115
120
100
120
100
100
105
125
110
100
125
125
120
100
105
100
105
120
105
115
120
115
110
100
100
115
105
100
125
120
105
100
115
125
105
110
125
100
105
110
100
110
115
110
115
100
115
100
115
120
120
110
110
110
120
105
110
