0.00085
0.0009
0.00075
0.0008
0.0009
0.00085
0.0009
0.0008
0.00085
0.0009
0.0008
0.0008
0.00095
0.001
0.00085
0.0008
0.0009
0.00085
0.00085
0.00085
0.00075
0.00085
0.0009
0.0008
0.00085
0.0008
0.00085
0.0009
0.0008
0.00085
0.0008
0.00085
0.0009
0.00085
0.0009
0.00085
0.00085
0.0008
0.00075
0.00085
0.00085
0.0008
0.00095
0.00075
0.0008
0.0008
0.0009
0.00095
0.0008
0.00075
0.00075
0.0008
0.00085
0.00075
0.0008
0.00075
0.0008
0.00075
0.00095
0.00075
0.0009
0.0008
0.00095
0.00095
0.0009
0.00085
0.0008
0.0008
0.0009
0.00075
0.00075
0.0009
0.00075
0.00085
0.00085
0.0008
0.00085
0.00075
0.0008
0.00075
0.00075
0.0009
0.0008
0.00095
0.00095
0.00075
0.0008
0.0009
0.00085
0.00075
0.00075
0.00075
0.00095
0.0008
0.00095
0.00095
0.001
0.0008
0.00075
0.00085
0.001
0.0009
0.00075
0.0008
0.00095
0.00075
0.00085
0.00075
0.00095
0.001
0.0009
0.0008
0.0008
0.00075
0.0008
0.00095
0.0008
0.0009
0.00095
0.00085
0.00095
0.00085
0.0008
0.0008
0.001
0.00075
