7.75
7.25
7.25
8.5
7.75
8.25
7.75
8
7.75
8.25
8.5
7.25
8.25
8
7.5
7.75
7
8.5
8.5
7.5
7.75
7.5
7.5
7
8.25
8
7.25
7.75
7.5
7
7
8.25
8
8
7.5
8.25
7
7.25
8
7
7.25
8.25
7.25
7.75
7.25
8
7.25
7.75
8.25
7.5
7.5
7.25
8
7.25
7
7.75
7.25
8.25
8
7
7.25
7.5
7
8.5
8.25
7.25
8.25
7.75
8.25
7.25
7
8
8.25
8.25
7.75
7.75
8.5
7.5
8.5
7.75
7.5
7.75
7.75
7.25
8.5
8
7.75
8.5
7.25
8.5
8.5
8.25
7.75
7.25
7
8.5
7.75
8.5
7.25
8.5
8.25
7.75
8.5
7.5
8.5
8
8.5
7.5
7.75
8
8.5
7.75
7.5
8
7
7.5
8
8
8
7.75
8
8
8.25
8.25
7.5
8.5
